image is 10 columns by 12 rows
Displaying vertical seam calculated.
Distances for row 0 [56048.0, 74272.0, 101653.0, 26331.0, 92920.0, 25487.0, 25832.0, 133538.0]
Distances for row 1 [116760.0, 104396.0, 64556.0, 132163.0, 64423.0, 135101.0, 43695.0, 151958.0]
Distances for row 2 [158962.0, 133195.0, 124645.0, 152421.0, 89752.0, 84754.0, 82749.0, 71979.0]
Distances for row 3 [223413.0, 198895.0, 145811.0, 125966.0, 110817.0, 132394.0, 100013.0, 146896.0]
Distances for row 4 [218290.0, 242741.0, 212429.0, 179209.0, 175267.0, 200561.0, 136229.0, 186755.0]
Distances for row 5 [245159.0, 305773.0, 224932.0, 237029.0, 276303.0, 161494.0, 213115.0, 218770.0]
Distances for row 6 [281531.0, 317337.0, 309607.0, 282350.0, 197209.0, 273794.0, 185069.0, 256684.0]
Distances for row 7 [317858.0, 318412.0, 363214.0, 233914.0, 352087.0, 215403.0, 266105.0, 262996.0]
Distances for row 8 [354038.0, 351945.0, 306502.0, 280060.0, 230332.0, 255896.0, 293272.0, 285044.0]
Distances for row 9 [398900.0, 332222.0, 300720.0, 278433.0, 299954.0, 244145.0, 287860.0, 347863.0]
Lowest weight and col in last row 244145.0 5
Vertical Seam[6, 6, 7, 8, 7, 7, 6, 7, 6, 5, 6, 6]
-1[0]-1[1]-1[2]-1[3]-1[4]-1[5]-1[6]-1[7]

0[0]0[1]3[2]3[3]5[4]5[5]5[6]6[7]

9[0]10[1]10[2]12[3]12[4]14[5]14[6]14[7]

17[0]18[1]18[2]20[3]21[4]22[5]23[6]23[7]

25[0]26[1]27[2]28[3]28[4]30[5]30[6]30[7]

32[0]34[1]35[2]36[3]36[4]38[5]38[6]38[7]

40[0]42[1]42[2]42[3]45[4]45[5]45[6]46[7]

48[0]48[1]51[2]52[3]52[4]54[5]54[6]54[7]

56[0]56[1]59[2]59[3]61[4]61[5]61[6]63[7]

65[0]66[1]67[2]68[3]68[4]68[5]69[6]71[7]

 195075   195075   195075   195075   195075   195075  [195075]  195075   195075   195075  
 195075    56048    74272   101653    26331    92920  [ 25487]   25832   133538   195075  
 195075    60712    48348    38225   105832    38936   109614  [ 18208]  126126   195075  
 195075    54566    68639    60089    87998    25329    41059    39054  [ 28284]  195075  
 195075    90218    74250    21166    36214    26063    49645  [ 28034]   74917   195075  
 195075    19395    96930    86463    68392    64450   100548  [ 36216]   86742   195075  
 195075    26869    93344    45723    61762   101036  [ 25265]   76886    82541   195075  
 195075    36372    92405    84675    57418    35715   112300  [ 23575]   43569   195075  
 195075    36327    36881    80864    36705   154878  [ 30334]   81036    77927   195075  
 195075    36180    34087    72588    46146  [ 14929]   40493    77869    22048   195075  
 195075    46955    25720    20660    48101    69622  [ 13813]   31964    62819   195075  
 195075   195075   195075   195075   195075   195075  [195075]  195075   195075   195075  

Total energy: 634295

